1 31 fib 34 5018
2 8 graphPagerank 17 5010
3 31 fib 20 5018
4 24 fib 21 5002
5 10 graphPagerank 28 5010
6 36 fib 24 5021
7 29 fib 30 5011
8 31 fib 35 5018
9 10 graphMst 22 5009
10 29 fib 30 5011
11 100 graphBfs 22 5008
12 28 fib 20 5006
13 1 featureExtractor 22 5014
14 35 fib 31 5021
15 35 fib 29 5021
16 29 fib 32 5011
17 31 fib 27 5018
18 31 fib 20 5018
19 23 fib 22 5002
20 31 fib 22 5018
21 31 fib 28 5018
22 31 fib 25 5018
23 9 graphMst 33 5009
24 10 graphPagerank 34 5010
25 31 fib 25 5018
26 31 fib 26 5018
27 35 fib 29 5021
28 31 fib 27 5018
29 29 fib 19 5011
30 1 featureExtractor 31 5014
31 31 fib 20 5018
32 28 fib 26 5006
33 31 fib 17 5018
34 100 graphBfs 28 5008
35 36 fib 21 5021
36 31 fib 26 5018
37 10 graphMst 12 5009
38 31 fib 24 5018
39 31 fib 31 5018
40 100000 floatOperation 27 5020
41 1 featureExtractor 26 5014
42 29 fib 18 5011
43 29 fib 22 5011
44 100 graphBfs 24 5008
45 28 fib 24 5006
46 31 fib 23 5018
47 36 fib 24 5021
48 35 fib 15 5021
49 35 fib 22 5021
50 36 fib 22 5021
51 10 graphMst 34 5009
52 31 fib 25 5018
53 35 fib 18 5021
54 25 fib 23 5002
55 8 graphPagerank 21 5010
56 36 fib 26 5021
57 31 fib 21 5018
58 31 fib 18 5018
59 31 fib 27 5018
60 100 graphBfs 26 5008
61 9 graphPagerank 32 5010
62 8 graphMst 23 5009
63 9 graphMst 26 5009
64 26 fib 21 5002
65 23 fib 24 5002
66 8 graphPagerank 20 5010
67 31 fib 20 5018
68 8 graphMst 24 5009
69 8 graphMst 30 5009
70 29 fib 30 5011
71 36 fib 28 5021
72 8 graphPagerank 23 5010
73 1 featureExtractor 26 5014
74 31 fib 20 5018
75 8 graphPagerank 20 5010
76 29 fib 24 5011
77 24 fib 22 5002
78 9 graphMst 18 5009
79 9 graphPagerank 27 5010
80 36 fib 27 5021
81 100000 floatOperation 22 5020
82 100 graphBfs 27 5008
83 31 fib 23 5018
84 36 fib 23 5021
85 100 graphBfs 25 5008
86 31 fib 24 5018
87 31 fib 13 5018
88 31 fib 23 5018
89 100 graphBfs 32 5008
90 8 graphPagerank 22 5010
91 29 fib 28 5011
92 36 fib 34 5021
93 1 featureExtractor 30 5014
94 8 graphPagerank 31 5010
95 35 fib 27 5021
96 100 graphBfs 24 5008
97 31 fib 26 5018
98 28 fib 21 5006
99 8 graphPagerank 41 5010
100 100000 floatOperation 17 5020
101 100000 floatOperation 29 5020
102 35 fib 17 5021
103 31 fib 21 5018
104 23 fib 29 5002
105 100000 floatOperation 22 5020
106 29 fib 24 5011
107 100000 floatOperation 18 5020
108 23 fib 30 5002
109 24 fib 26 5002
110 9 graphMst 27 5009
111 8 graphPagerank 24 5010
112 31 fib 20 5018
113 31 fib 25 5018
114 8 graphMst 32 5009
115 31 fib 18 5018
116 1 featureExtractor 32 5014
117 29 fib 24 5011
118 100 graphBfs 33 5008
119 31 fib 23 5018
120 9 graphMst 30 5009
121 31 fib 23 5018
122 35 fib 20 5021
123 1 featureExtractor 23 5014
124 100000 floatOperation 28 5020
125 1 featureExtractor 28 5014
126 35 fib 23 5021
127 31 fib 35 5018
128 31 fib 24 5018
129 31 fib 17 5018
130 31 fib 22 5018
131 8 graphMst 20 5009
132 10 graphMst 28 5009
133 100000 floatOperation 25 5020
134 9 graphPagerank 22 5010
135 31 fib 29 5018
136 1 featureExtractor 27 5014
137 9 graphPagerank 29 5010
138 100000 floatOperation 14 5020
139 36 fib 22 5021
140 10 graphMst 17 5009
141 10 graphPagerank 25 5010
142 1 featureExtractor 21 5014
143 31 fib 24 5018
144 23 fib 25 5002
145 10 graphMst 32 5009
146 31 fib 22 5018
147 31 fib 23 5018
148 31 fib 23 5018
149 24 fib 30 5002
150 1 featureExtractor 30 5014
151 31 fib 22 5018
152 36 fib 25 5021
153 35 fib 28 5021
154 29 fib 34 5011
155 100 graphBfs 26 5008
156 29 fib 31 5011
157 35 fib 29 5021
158 35 fib 28 5021
159 100 graphBfs 20 5008
160 1 featureExtractor 26 5014
161 31 fib 21 5018
162 10 graphPagerank 22 5010
163 1 featureExtractor 31 5014
164 1 featureExtractor 21 5014
165 8 graphMst 27 5009
166 1 featureExtractor 37 5014
167 31 fib 34 5018
168 28 fib 25 5006
169 36 fib 22 5021
170 1 featureExtractor 29 5014
171 10 graphPagerank 21 5010
172 9 graphMst 37 5009
173 31 fib 25 5018
174 35 fib 35 5021
175 31 fib 26 5018
176 28 fib 22 5006
177 35 fib 24 5021
178 31 fib 34 5018
179 31 fib 34 5018
180 100000 floatOperation 24 5020
181 31 fib 29 5018
182 28 fib 35 5006
183 25 fib 25 5002
184 28 fib 20 5006
185 28 fib 27 5006
186 24 fib 20 5002
187 28 fib 27 5006
188 29 fib 23 5011
189 1 featureExtractor 27 5014
190 10 graphMst 32 5009
191 9 graphPagerank 20 5010
192 35 fib 29 5021
193 9 graphMst 17 5009
194 9 graphPagerank 18 5010
195 29 fib 25 5011
196 10 graphPagerank 12 5010
197 100000 floatOperation 22 5020
198 10 graphMst 34 5009
199 9 graphPagerank 16 5010
200 35 fib 26 5021
201 100000 floatOperation 29 5020
202 10 graphPagerank 29 5010
203 100 graphBfs 31 5008
204 28 fib 19 5006
205 31 fib 23 5018
206 31 fib 32 5018
207 23 fib 29 5002
208 26 fib 29 5002
209 35 fib 18 5021
210 36 fib 28 5021
211 9 graphPagerank 29 5010
212 8 graphMst 27 5009
213 29 fib 34 5011
214 100 graphBfs 25 5008
215 8 graphMst 33 5009
216 31 fib 31 5018
217 31 fib 27 5018
218 36 fib 16 5021
219 35 fib 20 5021
220 31 fib 24 5018
221 100 graphBfs 32 5008
222 25 fib 24 5002
223 100 graphBfs 29 5008
224 10 graphPagerank 32 5010
225 36 fib 18 5021
226 100000 floatOperation 28 5020
227 10 graphMst 32 5009
228 100 graphBfs 21 5008
229 1 featureExtractor 21 5014
230 100 graphBfs 17 5008
231 28 fib 24 5006
232 29 fib 30 5011
233 35 fib 27 5021
234 1 featureExtractor 31 5014
235 10 graphPagerank 17 5010
236 1 featureExtractor 25 5014
237 1 featureExtractor 28 5014
238 28 fib 24 5006
239 9 graphPagerank 23 5010
240 28 fib 26 5006
241 8 graphMst 16 5009
242 9 graphMst 27 5009
243 35 fib 23 5021
244 1 featureExtractor 26 5014
245 36 fib 23 5021
246 10 graphMst 16 5009
247 23 fib 20 5002
248 31 fib 20 5018
249 31 fib 21 5018
250 10 graphPagerank 20 5010
251 28 fib 20 5006
252 35 fib 22 5021
253 10 graphPagerank 21 5010
254 23 fib 22 5002
255 100 graphBfs 32 5008
256 29 fib 25 5011
257 100000 floatOperation 24 5020
258 29 fib 25 5011
259 35 fib 28 5021
260 35 fib 25 5021
261 10 graphMst 23 5009
262 31 fib 22 5018
263 31 fib 22 5018
264 31 fib 29 5018
265 31 fib 26 5018
266 36 fib 22 5021
267 35 fib 19 5021
268 31 fib 27 5018
269 31 fib 34 5018
270 1 featureExtractor 24 5014
271 100 graphBfs 23 5008
272 9 graphMst 27 5009
273 10 graphPagerank 23 5010
274 10 graphMst 21 5009
275 100000 floatOperation 25 5020
276 9 graphMst 16 5009
277 31 fib 22 5018
278 1 featureExtractor 28 5014
279 31 fib 22 5018
280 10 graphPagerank 20 5010
281 31 fib 19 5018
282 10 graphMst 17 5009
283 1 featureExtractor 34 5014
284 100 graphBfs 26 5008
285 28 fib 16 5006
286 100000 floatOperation 32 5020
287 23 fib 29 5002
288 31 fib 19 5018
289 1 featureExtractor 23 5014
290 100 graphBfs 34 5008
291 1 featureExtractor 20 5014
292 29 fib 23 5011
293 8 graphPagerank 29 5010
294 35 fib 35 5021
295 24 fib 31 5002
296 35 fib 29 5021
297 9 graphPagerank 37 5010
298 31 fib 14 5018
299 8 graphPagerank 38 5010
300 31 fib 32 5018
301 28 fib 17 5006
302 9 graphMst 28 5009
303 31 fib 17 5018
304 31 fib 28 5018
305 35 fib 21 5021
306 29 fib 21 5011
307 10 graphPagerank 20 5010
308 28 fib 33 5006
309 31 fib 20 5018
310 36 fib 22 5021
311 29 fib 21 5011
312 31 fib 26 5018
313 9 graphMst 16 5009
314 1 featureExtractor 30 5014
315 31 fib 31 5018
316 35 fib 20 5021
317 31 fib 28 5018
318 31 fib 16 5018
319 25 fib 15 5002
320 35 fib 21 5021
321 23 fib 34 5002
322 29 fib 35 5011
323 31 fib 21 5018
324 31 fib 22 5018
325 29 fib 27 5011
326 24 fib 23 5002
327 8 graphPagerank 27 5010
328 8 graphMst 22 5009
329 9 graphMst 25 5009
330 24 fib 19 5002
331 35 fib 26 5021
332 31 fib 20 5018
333 100 graphBfs 29 5008
334 1 featureExtractor 26 5014
335 1 featureExtractor 26 5014
336 8 graphMst 23 5009
337 25 fib 18 5002
338 31 fib 38 5018
339 36 fib 27 5021
340 36 fib 29 5021
341 31 fib 32 5018
342 24 fib 34 5002
343 100 graphBfs 33 5008
344 100000 floatOperation 23 5020
345 31 fib 14 5018
346 31 fib 18 5018
347 10 graphPagerank 27 5010
348 9 graphPagerank 21 5010
349 31 fib 26 5018
350 29 fib 9 5011
351 36 fib 19 5021
352 31 fib 27 5018
353 1 featureExtractor 34 5014
354 10 graphMst 24 5009
355 31 fib 17 5018
356 23 fib 23 5002
357 35 fib 17 5021
358 36 fib 25 5021
359 35 fib 25 5021
360 29 fib 19 5011
361 100 graphBfs 20 5008
362 35 fib 31 5021
363 8 graphPagerank 25 5010
364 31 fib 38 5018
365 36 fib 28 5021
366 8 graphPagerank 24 5010
367 8 graphMst 27 5009
368 35 fib 27 5021
369 36 fib 32 5021
370 28 fib 20 5006
371 10 graphPagerank 20 5010
372 31 fib 27 5018
373 100 graphBfs 35 5008
374 100000 floatOperation 22 5020
375 31 fib 16 5018
376 9 graphMst 19 5009
377 31 fib 25 5018
378 8 graphPagerank 30 5010
379 35 fib 23 5021
380 9 graphMst 28 5009
381 100000 floatOperation 24 5020
382 100000 floatOperation 20 5020
383 10 graphMst 20 5009
384 29 fib 22 5011
385 36 fib 29 5021
386 1 featureExtractor 27 5014
387 31 fib 16 5018
388 25 fib 36 5002
389 26 fib 33 5002
390 35 fib 26 5021
391 100 graphBfs 40 5008
392 28 fib 28 5006
393 23 fib 22 5002
394 1 featureExtractor 29 5014
395 100000 floatOperation 28 5020
396 100 graphBfs 18 5008
397 8 graphMst 26 5009
398 8 graphPagerank 25 5010
399 31 fib 28 5018
400 9 graphPagerank 22 5010
401 100 graphBfs 28 5008
402 35 fib 28 5021
403 1 featureExtractor 25 5014
404 8 graphMst 36 5009
405 10 graphPagerank 28 5010
406 31 fib 25 5018
407 31 fib 33 5018
408 31 fib 19 5018
409 36 fib 25 5021
410 36 fib 31 5021
411 10 graphPagerank 31 5010
412 24 fib 25 5002
413 10 graphPagerank 19 5010
414 36 fib 28 5021
415 28 fib 27 5006
416 31 fib 26 5018
417 28 fib 27 5006
418 9 graphPagerank 22 5010
419 1 featureExtractor 25 5014
420 8 graphPagerank 18 5010
421 23 fib 23 5002
422 31 fib 28 5018
423 9 graphPagerank 18 5010
424 28 fib 28 5006
425 100000 floatOperation 19 5020
426 31 fib 31 5018
427 100 graphBfs 32 5008
428 36 fib 26 5021
429 10 graphMst 19 5009
430 100 graphBfs 26 5008
431 24 fib 17 5002
432 8 graphPagerank 29 5010
433 31 fib 23 5018
434 28 fib 20 5006
435 10 graphMst 25 5009
436 8 graphMst 24 5009
437 100000 floatOperation 33 5020
438 31 fib 24 5018
439 29 fib 26 5011
440 31 fib 17 5018
441 10 graphMst 21 5009
442 31 fib 19 5018
443 1 featureExtractor 24 5014
444 31 fib 26 5018
445 100 graphBfs 19 5008
446 31 fib 24 5018
447 100000 floatOperation 22 5020
448 100000 floatOperation 16 5020
449 8 graphMst 28 5009
450 31 fib 13 5018
451 1 featureExtractor 27 5014
452 8 graphMst 18 5009
453 31 fib 28 5018
454 29 fib 32 5011
455 29 fib 30 5011
456 31 fib 24 5018
457 31 fib 26 5018
458 1 featureExtractor 37 5014
459 100000 floatOperation 28 5020
460 31 fib 26 5018
461 8 graphPagerank 24 5010
462 25 fib 19 5002
463 31 fib 29 5018
464 31 fib 20 5018
465 31 fib 25 5018
466 8 graphPagerank 25 5010
467 35 fib 24 5021
468 31 fib 24 5018
469 31 fib 19 5018
470 36 fib 24 5021
471 28 fib 30 5006
472 31 fib 24 5018
473 31 fib 21 5018
474 28 fib 33 5006
475 29 fib 27 5011
476 31 fib 26 5018
477 28 fib 28 5006
478 100 graphBfs 20 5008
479 31 fib 18 5018
480 31 fib 22 5018
481 35 fib 25 5021
482 31 fib 22 5018
483 36 fib 14 5021
484 31 fib 35 5018
485 35 fib 21 5021
486 25 fib 29 5002
487 28 fib 19 5006
488 28 fib 22 5006
489 1 featureExtractor 22 5014
490 10 graphPagerank 23 5010
491 31 fib 30 5018
492 35 fib 21 5021
493 31 fib 28 5018
494 9 graphMst 17 5009
495 29 fib 28 5011
496 8 graphPagerank 26 5010
497 36 fib 22 5021
498 31 fib 22 5018
499 36 fib 24 5021
500 100 graphBfs 17 5008
501 35 fib 21 5021
502 29 fib 33 5011
503 100000 floatOperation 21 5020
504 31 fib 23 5018
505 100 graphBfs 16 5008
506 29 fib 24 5011
507 28 fib 30 5006
508 29 fib 28 5011
509 31 fib 28 5018
510 10 graphMst 32 5009
511 31 fib 23 5018
512 28 fib 22 5006
513 25 fib 27 5002
514 36 fib 25 5021
515 31 fib 33 5018
516 31 fib 24 5018
517 31 fib 29 5018
518 100 graphBfs 15 5008
519 100000 floatOperation 26 5020
520 35 fib 18 5021
521 1 featureExtractor 18 5014
522 25 fib 18 5002
523 31 fib 29 5018
524 100 graphBfs 30 5008
525 29 fib 20 5011
526 9 graphPagerank 29 5010
527 100000 floatOperation 22 5020
528 100 graphBfs 16 5008
529 9 graphMst 22 5009
530 29 fib 26 5011
531 31 fib 28 5018
532 23 fib 27 5002
533 100 graphBfs 23 5008
534 1 featureExtractor 24 5014
535 36 fib 22 5021
536 100 graphBfs 17 5008
537 9 graphMst 23 5009
538 100000 floatOperation 22 5020
539 36 fib 23 5021
540 25 fib 19 5002
541 1 featureExtractor 21 5014
542 25 fib 23 5002
543 31 fib 31 5018
544 31 fib 24 5018
545 100 graphBfs 28 5008
546 31 fib 24 5018
547 29 fib 29 5011
548 36 fib 28 5021
549 31 fib 24 5018
550 31 fib 23 5018
551 31 fib 23 5018
552 9 graphMst 20 5009
553 35 fib 22 5021
554 10 graphPagerank 28 5010
555 31 fib 27 5018
556 31 fib 26 5018
557 28 fib 21 5006
558 100000 floatOperation 23 5020
559 35 fib 27 5021
560 29 fib 28 5011
561 31 fib 19 5018
562 36 fib 23 5021
563 100000 floatOperation 25 5020
564 35 fib 19 5021
565 8 graphPagerank 23 5010
566 35 fib 29 5021
567 31 fib 30 5018
568 25 fib 28 5002
569 31 fib 16 5018
570 9 graphMst 26 5009
571 1 featureExtractor 31 5014
572 100 graphBfs 22 5008
573 8 graphPagerank 24 5010
574 31 fib 30 5018
575 100 graphBfs 26 5008
576 31 fib 25 5018
577 35 fib 18 5021
578 9 graphMst 26 5009
579 31 fib 17 5018
580 29 fib 20 5011
581 9 graphMst 18 5009
582 35 fib 33 5021
583 100 graphBfs 35 5008
584 100 graphBfs 20 5008
585 36 fib 28 5021
586 1 featureExtractor 29 5014
587 31 fib 18 5018
588 35 fib 35 5021
589 10 graphPagerank 22 5010
590 8 graphMst 25 5009
591 10 graphMst 18 5009
592 31 fib 24 5018
593 29 fib 27 5011
594 100000 floatOperation 24 5020
595 31 fib 23 5018
596 31 fib 18 5018
597 36 fib 28 5021
598 29 fib 17 5011
599 31 fib 27 5018
600 100000 floatOperation 31 5020
601 1 featureExtractor 27 5014
602 35 fib 20 5021
603 35 fib 24 5021
604 31 fib 28 5018
605 24 fib 19 5002
606 8 graphMst 30 5009
607 29 fib 28 5011
608 35 fib 31 5021
609 9 graphPagerank 22 5010
610 100 graphBfs 25 5008
611 100000 floatOperation 21 5020
612 31 fib 17 5018
613 29 fib 29 5011
614 36 fib 28 5021
615 35 fib 21 5021
616 8 graphPagerank 25 5010
617 31 fib 20 5018
618 35 fib 29 5021
619 31 fib 27 5018
620 31 fib 19 5018
621 31 fib 20 5018
622 35 fib 17 5021
623 9 graphMst 25 5009
624 100 graphBfs 24 5008
625 1 featureExtractor 27 5014
626 8 graphMst 16 5009
627 9 graphMst 26 5009
628 10 graphMst 22 5009
629 31 fib 19 5018
630 100 graphBfs 18 5008
631 100000 floatOperation 27 5020
632 9 graphPagerank 20 5010
633 9 graphPagerank 19 5010
634 31 fib 24 5018
635 1 featureExtractor 18 5014
636 31 fib 29 5018
637 36 fib 20 5021
638 1 featureExtractor 18 5014
639 31 fib 26 5018
640 8 graphMst 31 5009
641 28 fib 36 5006
642 31 fib 21 5018
643 35 fib 28 5021
644 10 graphPagerank 19 5010
645 29 fib 23 5011
646 36 fib 22 5021
647 31 fib 16 5018
648 31 fib 27 5018
649 29 fib 29 5011
650 29 fib 23 5011
651 36 fib 24 5021
652 9 graphPagerank 32 5010
653 8 graphMst 33 5009
654 10 graphPagerank 30 5010
655 35 fib 30 5021
656 9 graphPagerank 26 5010
657 24 fib 23 5002
658 29 fib 20 5011
659 1 featureExtractor 15 5014
660 31 fib 30 5018
661 23 fib 24 5002
662 35 fib 31 5021
663 1 featureExtractor 22 5014
664 31 fib 25 5018
665 9 graphMst 19 5009
666 36 fib 25 5021
667 35 fib 29 5021
668 35 fib 23 5021
669 31 fib 31 5018
670 10 graphMst 32 5009
671 28 fib 22 5006
672 36 fib 30 5021
673 100000 floatOperation 32 5020
674 1 featureExtractor 30 5014
675 31 fib 24 5018
676 35 fib 28 5021
677 100 graphBfs 25 5008
678 10 graphMst 27 5009
679 36 fib 36 5021
680 31 fib 20 5018
681 35 fib 26 5021
682 31 fib 29 5018
683 28 fib 30 5006
684 31 fib 32 5018
685 35 fib 14 5021
686 100 graphBfs 22 5008
687 31 fib 24 5018
688 36 fib 23 5021
689 31 fib 19 5018
690 10 graphMst 21 5009
691 28 fib 35 5006
692 31 fib 27 5018
693 100 graphBfs 21 5008
694 9 graphMst 28 5009
695 31 fib 20 5018
696 24 fib 18 5002
697 9 graphMst 21 5009
698 35 fib 20 5021
699 31 fib 27 5018
700 29 fib 24 5011
701 1 featureExtractor 24 5014
702 25 fib 32 5002
703 36 fib 31 5021
704 1 featureExtractor 22 5014
705 23 fib 20 5002
706 100 graphBfs 22 5008
707 29 fib 20 5011
708 1 featureExtractor 28 5014
709 9 graphPagerank 18 5010
710 36 fib 35 5021
711 10 graphPagerank 30 5010
712 100000 floatOperation 31 5020
713 29 fib 24 5011
714 36 fib 28 5021
715 35 fib 18 5021
716 36 fib 31 5021
717 31 fib 28 5018
718 100000 floatOperation 23 5020
719 36 fib 19 5021
720 8 graphPagerank 31 5010
721 8 graphPagerank 25 5010
722 1 featureExtractor 20 5014
723 31 fib 34 5018
724 31 fib 23 5018
725 35 fib 17 5021
726 36 fib 22 5021
727 100000 floatOperation 23 5020
728 9 graphMst 15 5009
729 8 graphPagerank 24 5010
730 1 featureExtractor 27 5014
731 28 fib 24 5006
732 35 fib 21 5021
733 31 fib 24 5018
734 100000 floatOperation 24 5020
735 31 fib 22 5018
736 31 fib 17 5018
737 31 fib 30 5018
738 29 fib 19 5011
739 10 graphPagerank 20 5010
740 29 fib 25 5011
741 10 graphPagerank 29 5010
742 29 fib 26 5011
743 100 graphBfs 14 5008
744 100 graphBfs 16 5008
745 31 fib 22 5018
746 31 fib 29 5018
747 36 fib 19 5021
748 100000 floatOperation 35 5020
749 10 graphMst 23 5009
750 24 fib 21 5002
751 28 fib 29 5006
752 31 fib 24 5018
753 1 featureExtractor 24 5014
754 35 fib 23 5021
755 31 fib 24 5018
756 29 fib 22 5011
757 100 graphBfs 20 5008
758 35 fib 31 5021
759 36 fib 16 5021
760 23 fib 23 5002
761 28 fib 27 5006
762 35 fib 30 5021
763 36 fib 30 5021
764 1 featureExtractor 18 5014
765 31 fib 27 5018
766 36 fib 24 5021
767 35 fib 33 5021
768 100 graphBfs 21 5008
769 28 fib 28 5006
770 29 fib 23 5011
771 31 fib 24 5018
772 31 fib 20 5018
773 31 fib 19 5018
774 29 fib 25 5011
775 29 fib 19 5011
776 28 fib 18 5006
777 1 featureExtractor 15 5014
778 8 graphPagerank 26 5010
779 31 fib 20 5018
780 31 fib 21 5018
781 29 fib 30 5011
782 8 graphPagerank 22 5010
783 28 fib 23 5006
784 31 fib 25 5018
785 100 graphBfs 32 5008
786 25 fib 25 5002
787 36 fib 25 5021
788 10 graphMst 25 5009
789 1 featureExtractor 29 5014
790 28 fib 26 5006
791 28 fib 27 5006
792 9 graphMst 39 5009
793 35 fib 29 5021
794 100000 floatOperation 25 5020
795 35 fib 27 5021
796 29 fib 17 5011
797 29 fib 18 5011
798 28 fib 18 5006
799 36 fib 25 5021
800 31 fib 19 5018
801 100000 floatOperation 36 5020
802 8 graphMst 14 5009
803 1 featureExtractor 32 5014
804 26 fib 22 5002
805 31 fib 25 5018
806 100 graphBfs 19 5008
807 29 fib 28 5011
808 100 graphBfs 28 5008
809 28 fib 24 5006
810 1 featureExtractor 29 5014
811 31 fib 20 5018
812 8 graphPagerank 29 5010
813 1 featureExtractor 19 5014
814 10 graphMst 25 5009
815 1 featureExtractor 28 5014
816 31 fib 23 5018
817 31 fib 25 5018
818 100 graphBfs 28 5008
819 31 fib 22 5018
820 9 graphPagerank 14 5010
821 31 fib 22 5018
822 35 fib 18 5021
823 31 fib 18 5018
824 100 graphBfs 30 5008
825 35 fib 20 5021
826 31 fib 29 5018
827 36 fib 17 5021
828 36 fib 31 5021
829 31 fib 24 5018
830 9 graphPagerank 23 5010
831 26 fib 20 5002
832 31 fib 22 5018
833 1 featureExtractor 23 5014
834 31 fib 42 5018
835 1 featureExtractor 22 5014
836 100 graphBfs 22 5008
837 36 fib 35 5021
838 23 fib 26 5002
839 10 graphMst 21 5009
840 31 fib 31 5018
841 31 fib 32 5018
842 1 featureExtractor 29 5014
843 1 featureExtractor 29 5014
844 100 graphBfs 25 5008
845 9 graphPagerank 27 5010
846 31 fib 17 5018
847 9 graphMst 31 5009
848 29 fib 22 5011
849 31 fib 21 5018
850 28 fib 24 5006
851 100000 floatOperation 25 5020
852 36 fib 23 5021
853 10 graphPagerank 13 5010
854 36 fib 29 5021
855 1 featureExtractor 18 5014
856 10 graphMst 29 5009
857 31 fib 20 5018
858 36 fib 23 5021
859 24 fib 28 5002
860 31 fib 26 5018
861 36 fib 29 5021
862 35 fib 39 5021
863 36 fib 26 5021
864 10 graphMst 19 5009
865 26 fib 21 5002
866 31 fib 33 5018
867 36 fib 20 5021
868 9 graphPagerank 25 5010
869 28 fib 15 5006
870 36 fib 25 5021
871 9 graphPagerank 27 5010
872 36 fib 16 5021
873 36 fib 21 5021
874 9 graphPagerank 24 5010
875 31 fib 19 5018
876 36 fib 28 5021
877 28 fib 21 5006
878 31 fib 30 5018
879 100 graphBfs 34 5008
880 36 fib 27 5021
881 29 fib 14 5011
882 31 fib 30 5018
883 26 fib 22 5002
884 36 fib 25 5021
885 100 graphBfs 31 5008
886 35 fib 25 5021
887 100000 floatOperation 26 5020
888 9 graphPagerank 39 5010
889 31 fib 24 5018
890 29 fib 32 5011
891 8 graphMst 21 5009
892 26 fib 17 5002
893 31 fib 20 5018
894 1 featureExtractor 35 5014
895 9 graphMst 27 5009
896 100 graphBfs 16 5008
897 8 graphPagerank 30 5010
898 31 fib 22 5018
899 10 graphMst 26 5009
900 29 fib 25 5011
901 31 fib 19 5018
902 9 graphMst 28 5009
903 35 fib 30 5021
904 31 fib 27 5018
905 36 fib 26 5021
906 23 fib 29 5002
907 25 fib 25 5002
908 31 fib 20 5018
909 28 fib 25 5006
910 31 fib 23 5018
911 23 fib 27 5002
912 36 fib 24 5021
913 26 fib 20 5002
914 1 featureExtractor 33 5014
915 35 fib 24 5021
916 8 graphPagerank 21 5010
917 35 fib 23 5021
918 10 graphMst 32 5009
919 24 fib 26 5002
920 31 fib 22 5018
921 100 graphBfs 30 5008
922 100000 floatOperation 21 5020
923 8 graphPagerank 36 5010
924 36 fib 22 5021
925 29 fib 19 5011
926 31 fib 19 5018
927 31 fib 29 5018
928 9 graphMst 28 5009
929 28 fib 20 5006
930 36 fib 28 5021
931 24 fib 34 5002
932 8 graphPagerank 35 5010
933 26 fib 26 5002
934 29 fib 21 5011
935 100 graphBfs 26 5008
936 10 graphPagerank 28 5010
937 10 graphPagerank 27 5010
938 35 fib 30 5021
939 100 graphBfs 26 5008
940 31 fib 21 5018
941 35 fib 20 5021
942 36 fib 27 5021
943 25 fib 27 5002
944 100 graphBfs 22 5008
945 31 fib 18 5018
946 100000 floatOperation 25 5020
947 100 graphBfs 31 5008
948 100 graphBfs 32 5008
949 8 graphPagerank 25 5010
950 36 fib 23 5021
951 35 fib 24 5021
952 8 graphPagerank 24 5010
953 29 fib 29 5011
954 29 fib 16 5011
955 35 fib 30 5021
956 9 graphPagerank 25 5010
957 10 graphPagerank 26 5010
958 36 fib 27 5021
959 100 graphBfs 17 5008
960 31 fib 29 5018
961 10 graphMst 22 5009
962 31 fib 25 5018
963 31 fib 23 5018
964 1 featureExtractor 31 5014
965 28 fib 24 5006
966 35 fib 21 5021
967 8 graphMst 22 5009
968 31 fib 27 5018
969 31 fib 34 5018
970 100 graphBfs 29 5008
971 100 graphBfs 14 5008
972 8 graphMst 32 5009
973 36 fib 26 5021
974 31 fib 19 5018
975 23 fib 20 5002
976 29 fib 18 5011
977 100 graphBfs 27 5008
978 100 graphBfs 23 5008
979 9 graphMst 30 5009
980 28 fib 26 5006
981 35 fib 25 5021
982 100000 floatOperation 24 5020
983 35 fib 29 5021
984 1 featureExtractor 25 5014
985 24 fib 26 5002
986 31 fib 15 5018
987 9 graphPagerank 33 5010
988 31 fib 26 5018
989 31 fib 17 5018
990 9 graphMst 22 5009
991 100000 floatOperation 33 5020
992 100 graphBfs 28 5008
993 31 fib 24 5018
994 100000 floatOperation 23 5020
995 8 graphPagerank 23 5010
996 31 fib 18 5018
997 23 fib 25 5002
998 8 graphMst 30 5009
999 29 fib 34 5011
1000 31 fib 26 5018
1001 31 fib 25 5018
1002 9 graphPagerank 25 5010
1003 31 fib 20 5018
1004 31 fib 23 5018
1005 1 featureExtractor 18 5014
1006 31 fib 24 5018
1007 100 graphBfs 30 5008
1008 36 fib 24 5021
1009 36 fib 28 5021
1010 100000 floatOperation 31 5020
1011 36 fib 29 5021
1012 1 featureExtractor 26 5014
1013 23 fib 28 5002
1014 9 graphPagerank 24 5010
1015 31 fib 30 5018
1016 9 graphMst 23 5009
1017 100000 floatOperation 33 5020
1018 31 fib 19 5018
1019 29 fib 23 5011
1020 100000 floatOperation 26 5020
1021 36 fib 27 5021
1022 35 fib 30 5021
1023 9 graphPagerank 26 5010
1024 8 graphMst 23 5009
1025 31 fib 18 5018
1026 31 fib 17 5018
1027 28 fib 25 5006
1028 31 fib 26 5018
1029 31 fib 29 5018
1030 9 graphMst 24 5009
1031 31 fib 22 5018
1032 9 graphPagerank 28 5010
1033 31 fib 25 5018
1034 10 graphMst 26 5009
1035 31 fib 31 5018
1036 100 graphBfs 24 5008
1037 1 featureExtractor 29 5014
1038 100 graphBfs 17 5008
1039 25 fib 20 5002
1040 36 fib 20 5021
1041 31 fib 25 5018
1042 1 featureExtractor 40 5014
1043 28 fib 24 5006
1044 31 fib 25 5018
1045 31 fib 25 5018
1046 31 fib 26 5018
1047 29 fib 21 5011
1048 1 featureExtractor 34 5014
1049 1 featureExtractor 22 5014
1050 100000 floatOperation 26 5020
1051 31 fib 21 5018
1052 1 featureExtractor 21 5014
1053 1 featureExtractor 22 5014
1054 100 graphBfs 24 5008
1055 29 fib 27 5011
1056 36 fib 30 5021
1057 1 featureExtractor 20 5014
1058 29 fib 24 5011
1059 28 fib 27 5006
1060 36 fib 22 5021
1061 100 graphBfs 20 5008
1062 35 fib 21 5021
1063 31 fib 17 5018
1064 9 graphPagerank 19 5010
1065 29 fib 20 5011
1066 31 fib 27 5018
1067 35 fib 26 5021
1068 10 graphPagerank 29 5010
1069 36 fib 20 5021
1070 31 fib 25 5018
1071 35 fib 25 5021
1072 8 graphPagerank 24 5010
1073 8 graphPagerank 23 5010
1074 35 fib 25 5021
1075 31 fib 23 5018
1076 25 fib 34 5002
1077 35 fib 14 5021
1078 23 fib 25 5002
1079 35 fib 34 5021
1080 8 graphMst 19 5009
1081 35 fib 22 5021
1082 100000 floatOperation 27 5020
1083 36 fib 16 5021
1084 31 fib 21 5018
1085 31 fib 22 5018
1086 35 fib 29 5021
1087 100 graphBfs 14 5008
1088 35 fib 29 5021
1089 31 fib 19 5018
1090 10 graphPagerank 30 5010
1091 100 graphBfs 35 5008
1092 35 fib 27 5021
1093 31 fib 19 5018
1094 26 fib 29 5002
1095 1 featureExtractor 10 5014
1096 100 graphBfs 33 5008
1097 8 graphMst 12 5009
1098 1 featureExtractor 22 5014
1099 24 fib 27 5002
1100 1 featureExtractor 27 5014
1101 31 fib 11 5018
1102 31 fib 20 5018
1103 31 fib 20 5018
1104 36 fib 21 5021
1105 31 fib 26 5018
1106 100 graphBfs 28 5008
1107 29 fib 21 5011
1108 36 fib 23 5021
1109 36 fib 23 5021
1110 28 fib 36 5006
1111 23 fib 24 5002
1112 35 fib 31 5021
1113 100 graphBfs 25 5008
1114 100 graphBfs 27 5008
1115 36 fib 24 5021
1116 31 fib 29 5018
1117 1 featureExtractor 22 5014
1118 100 graphBfs 35 5008
1119 9 graphPagerank 29 5010
1120 1 featureExtractor 23 5014
1121 9 graphMst 17 5009
1122 35 fib 22 5021
1123 29 fib 23 5011
1124 100 graphBfs 20 5008
1125 28 fib 28 5006
1126 1 featureExtractor 41 5014
1127 36 fib 22 5021
1128 8 graphPagerank 29 5010
1129 31 fib 23 5018
1130 10 graphPagerank 16 5010
1131 9 graphMst 17 5009
1132 35 fib 32 5021
1133 31 fib 29 5018
1134 31 fib 30 5018
1135 31 fib 20 5018
1136 35 fib 24 5021
1137 100 graphBfs 27 5008
1138 9 graphMst 34 5009
1139 8 graphPagerank 31 5010
1140 35 fib 16 5021
1141 8 graphMst 25 5009
1142 10 graphPagerank 22 5010
1143 35 fib 16 5021
1144 23 fib 29 5002
1145 31 fib 26 5018
1146 31 fib 27 5018
1147 31 fib 34 5018
1148 31 fib 26 5018
1149 10 graphMst 24 5009
1150 25 fib 25 5002
1151 100 graphBfs 35 5008
1152 28 fib 24 5006
1153 9 graphPagerank 25 5010
1154 29 fib 30 5011
1155 31 fib 23 5018
1156 1 featureExtractor 27 5014
1157 36 fib 25 5021
1158 31 fib 19 5018
1159 10 graphMst 24 5009
1160 100000 floatOperation 31 5020
1161 31 fib 23 5018
1162 100 graphBfs 34 5008
1163 100000 floatOperation 26 5020
1164 31 fib 32 5018
1165 31 fib 28 5018
1166 10 graphPagerank 18 5010
1167 31 fib 19 5018
1168 28 fib 31 5006
1169 100000 floatOperation 30 5020
1170 29 fib 29 5011
1171 100000 floatOperation 28 5020
1172 36 fib 30 5021
1173 100000 floatOperation 21 5020
1174 100 graphBfs 28 5008
1175 31 fib 24 5018
1176 8 graphPagerank 21 5010
1177 29 fib 28 5011
1178 31 fib 18 5018
1179 31 fib 17 5018
1180 28 fib 33 5006
1181 28 fib 21 5006
1182 1 featureExtractor 24 5014
1183 35 fib 24 5021
1184 36 fib 32 5021
1185 35 fib 23 5021
1186 100 graphBfs 29 5008
1187 31 fib 25 5018
1188 31 fib 23 5018
1189 25 fib 25 5002
1190 23 fib 20 5002
1191 9 graphPagerank 22 5010
1192 1 featureExtractor 21 5014
1193 35 fib 17 5021
1194 36 fib 37 5021
1195 24 fib 27 5002
1196 9 graphMst 27 5009
1197 1 featureExtractor 25 5014
1198 100 graphBfs 29 5008
1199 1 featureExtractor 27 5014
1200 28 fib 26 5006
1201 10 graphMst 30 5009
1202 28 fib 23 5006
1203 35 fib 23 5021
1204 31 fib 24 5018
1205 9 graphMst 25 5009
1206 31 fib 21 5018
1207 23 fib 20 5002
1208 31 fib 36 5018
1209 1 featureExtractor 30 5014
1210 100 graphBfs 20 5008
1211 31 fib 21 5018
1212 31 fib 34 5018
1213 100000 floatOperation 14 5020
1214 36 fib 24 5021
1215 8 graphPagerank 24 5010
1216 28 fib 14 5006
1217 31 fib 19 5018
1218 1 featureExtractor 17 5014
1219 100 graphBfs 18 5008
1220 28 fib 19 5006
1221 1 featureExtractor 32 5014
1222 29 fib 30 5011
1223 31 fib 19 5018
1224 24 fib 33 5002
1225 28 fib 33 5006
1226 9 graphMst 26 5009
1227 9 graphPagerank 24 5010
1228 25 fib 15 5002
1229 36 fib 17 5021
1230 35 fib 26 5021
1231 31 fib 31 5018
1232 31 fib 28 5018
1233 35 fib 30 5021
1234 35 fib 22 5021
1235 10 graphPagerank 27 5010
1236 36 fib 26 5021
1237 31 fib 23 5018
1238 31 fib 31 5018
1239 10 graphPagerank 18 5010
1240 100000 floatOperation 25 5020
1241 35 fib 29 5021
1242 31 fib 31 5018
1243 28 fib 29 5006
1244 10 graphMst 23 5009
1245 25 fib 23 5002
1246 36 fib 30 5021
1247 8 graphMst 37 5009
1248 9 graphMst 30 5009
1249 29 fib 32 5011
1250 35 fib 24 5021
1251 10 graphMst 29 5009
1252 28 fib 22 5006
1253 1 featureExtractor 23 5014
1254 23 fib 24 5002
1255 28 fib 23 5006
1256 35 fib 20 5021
1257 35 fib 34 5021
1258 31 fib 23 5018
1259 36 fib 28 5021
1260 36 fib 29 5021
1261 29 fib 33 5011
1262 100 graphBfs 23 5008
1263 25 fib 27 5002
1264 10 graphPagerank 35 5010
1265 31 fib 23 5018
1266 8 graphPagerank 27 5010
1267 36 fib 24 5021
1268 8 graphMst 26 5009
1269 9 graphPagerank 15 5010
1270 1 featureExtractor 24 5014
1271 36 fib 23 5021
1272 29 fib 19 5011
1273 28 fib 24 5006
1274 31 fib 37 5018
1275 9 graphMst 35 5009
1276 26 fib 16 5002
1277 9 graphPagerank 26 5010
1278 36 fib 20 5021
1279 28 fib 24 5006
1280 8 graphMst 22 5009
1281 9 graphMst 28 5009
1282 31 fib 18 5018
1283 36 fib 30 5021
1284 29 fib 27 5011
1285 28 fib 24 5006
1286 1 featureExtractor 20 5014
1287 31 fib 21 5018
1288 9 graphMst 27 5009
1289 35 fib 30 5021
1290 1 featureExtractor 24 5014
1291 24 fib 27 5002
1292 10 graphPagerank 19 5010
1293 35 fib 29 5021
1294 28 fib 30 5006
1295 29 fib 29 5011
1296 100 graphBfs 16 5008
1297 9 graphPagerank 32 5010
1298 100 graphBfs 26 5008
1299 28 fib 29 5006
1300 35 fib 31 5021
1301 10 graphPagerank 31 5010
1302 1 featureExtractor 32 5014
1303 9 graphPagerank 21 5010
1304 35 fib 25 5021
1305 31 fib 20 5018
1306 31 fib 21 5018
1307 8 graphPagerank 27 5010
1308 100 graphBfs 33 5008
1309 31 fib 27 5018
1310 31 fib 16 5018
1311 10 graphPagerank 25 5010
1312 31 fib 23 5018
1313 8 graphPagerank 25 5010
1314 35 fib 24 5021
1315 24 fib 31 5002
1316 100000 floatOperation 22 5020
1317 100000 floatOperation 20 5020
1318 28 fib 28 5006
1319 31 fib 20 5018
1320 29 fib 23 5011
1321 100 graphBfs 22 5008
1322 35 fib 28 5021
1323 24 fib 29 5002
1324 26 fib 27 5002
1325 31 fib 27 5018
1326 23 fib 36 5002
1327 28 fib 28 5006
1328 35 fib 38 5021
1329 9 graphPagerank 19 5010
1330 29 fib 19 5011
1331 35 fib 26 5021
1332 1 featureExtractor 30 5014
1333 31 fib 20 5018
1334 1 featureExtractor 31 5014
1335 24 fib 17 5002
1336 35 fib 28 5021
1337 29 fib 29 5011
1338 26 fib 24 5002
1339 10 graphMst 24 5009
1340 36 fib 30 5021
1341 31 fib 20 5018
1342 28 fib 22 5006
1343 100 graphBfs 24 5008
1344 35 fib 22 5021
1345 31 fib 22 5018
1346 31 fib 23 5018
1347 25 fib 28 5002
1348 100 graphBfs 13 5008
1349 31 fib 19 5018
1350 1 featureExtractor 22 5014
1351 36 fib 25 5021
1352 35 fib 19 5021
1353 10 graphMst 26 5009
1354 35 fib 25 5021
1355 36 fib 24 5021
1356 1 featureExtractor 24 5014
1357 31 fib 17 5018
1358 100 graphBfs 26 5008
1359 1 featureExtractor 25 5014
1360 31 fib 26 5018
1361 31 fib 21 5018
1362 100 graphBfs 27 5008
1363 28 fib 29 5006
1364 9 graphPagerank 30 5010
1365 35 fib 22 5021
1366 26 fib 31 5002
1367 36 fib 19 5021
1368 31 fib 25 5018
1369 31 fib 17 5018
1370 36 fib 29 5021
1371 28 fib 22 5006
1372 100000 floatOperation 20 5020
1373 100 graphBfs 27 5008
1374 28 fib 22 5006
1375 36 fib 34 5021
1376 31 fib 34 5018
1377 31 fib 31 5018
1378 23 fib 26 5002
1379 8 graphMst 29 5009
1380 31 fib 28 5018
1381 31 fib 19 5018
1382 31 fib 20 5018
1383 31 fib 24 5018
1384 35 fib 21 5021
1385 31 fib 18 5018
1386 36 fib 23 5021
1387 10 graphPagerank 21 5010
1388 1 featureExtractor 20 5014
1389 9 graphMst 22 5009
1390 1 featureExtractor 25 5014
1391 31 fib 33 5018
1392 31 fib 34 5018
1393 35 fib 24 5021
1394 24 fib 26 5002
1395 35 fib 35 5021
1396 35 fib 28 5021
1397 31 fib 21 5018
1398 10 graphPagerank 15 5010
1399 36 fib 19 5021
1400 31 fib 30 5018
1401 9 graphMst 17 5009
1402 100 graphBfs 23 5008
1403 8 graphMst 32 5009
1404 1 featureExtractor 28 5014
1405 31 fib 18 5018
1406 36 fib 36 5021
1407 29 fib 24 5011
1408 35 fib 28 5021
1409 31 fib 25 5018
1410 9 graphMst 21 5009
1411 100 graphBfs 25 5008
1412 100 graphBfs 22 5008
1413 10 graphPagerank 32 5010
1414 31 fib 25 5018
1415 35 fib 30 5021
1416 35 fib 21 5021
1417 31 fib 24 5018
1418 31 fib 23 5018
1419 1 featureExtractor 20 5014
1420 36 fib 24 5021
1421 36 fib 29 5021
1422 24 fib 24 5002
1423 28 fib 29 5006
1424 36 fib 17 5021
1425 29 fib 20 5011
1426 36 fib 24 5021
1427 31 fib 30 5018
1428 8 graphMst 24 5009
1429 9 graphMst 25 5009
1430 26 fib 34 5002
1431 23 fib 25 5002
1432 23 fib 24 5002
1433 100 graphBfs 15 5008
1434 23 fib 27 5002
1435 36 fib 24 5021
1436 100000 floatOperation 28 5020
1437 28 fib 28 5006
1438 1 featureExtractor 34 5014
1439 1 featureExtractor 24 5014
1440 26 fib 32 5002
1441 28 fib 26 5006
1442 31 fib 25 5018
1443 100000 floatOperation 23 5020
1444 25 fib 25 5002
1445 31 fib 23 5018
1446 100000 floatOperation 21 5020
1447 29 fib 23 5011
1448 29 fib 22 5011
1449 29 fib 18 5011
1450 100000 floatOperation 25 5020
1451 28 fib 26 5006
1452 29 fib 31 5011
1453 31 fib 22 5018
1454 29 fib 44 5011
1455 8 graphMst 25 5009
1456 31 fib 25 5018
1457 29 fib 24 5011
1458 36 fib 31 5021
1459 9 graphPagerank 24 5010
1460 35 fib 25 5021
1461 100 graphBfs 29 5008
1462 31 fib 17 5018
1463 100 graphBfs 23 5008
1464 100 graphBfs 34 5008
1465 8 graphPagerank 22 5010
1466 31 fib 26 5018
1467 31 fib 21 5018
1468 1 featureExtractor 26 5014
1469 35 fib 23 5021
1470 26 fib 19 5002
1471 1 featureExtractor 32 5014
1472 1 featureExtractor 28 5014
1473 31 fib 22 5018
1474 9 graphPagerank 29 5010
1475 29 fib 33 5011
1476 24 fib 18 5002
1477 1 featureExtractor 25 5014
1478 35 fib 25 5021
1479 31 fib 25 5018
1480 35 fib 30 5021
1481 1 featureExtractor 20 5014
1482 100 graphBfs 27 5008
1483 31 fib 26 5018
1484 36 fib 30 5021
1485 28 fib 19 5006
1486 26 fib 24 5002
1487 31 fib 13 5018
1488 1 featureExtractor 23 5014
1489 10 graphPagerank 32 5010
1490 31 fib 24 5018
1491 100 graphBfs 33 5008
1492 8 graphMst 23 5009
1493 31 fib 23 5018
1494 28 fib 32 5006
1495 36 fib 21 5021
1496 36 fib 20 5021
1497 31 fib 20 5018
1498 23 fib 28 5002
1499 36 fib 27 5021
1500 29 fib 32 5011
1501 9 graphPagerank 26 5010
1502 1 featureExtractor 27 5014
1503 31 fib 37 5018
1504 26 fib 20 5002
1505 36 fib 15 5021
1506 36 fib 23 5021
1507 9 graphMst 23 5009
1508 31 fib 29 5018
1509 25 fib 16 5002
1510 23 fib 22 5002
1511 31 fib 27 5018
1512 1 featureExtractor 25 5014
1513 100 graphBfs 17 5008
1514 8 graphPagerank 27 5010
1515 100 graphBfs 25 5008
1516 10 graphMst 29 5009
1517 100000 floatOperation 16 5020
1518 36 fib 35 5021
1519 31 fib 18 5018
1520 1 featureExtractor 18 5014
1521 1 featureExtractor 19 5014
1522 8 graphPagerank 23 5010
1523 100 graphBfs 36 5008
1524 35 fib 18 5021
1525 31 fib 15 5018
1526 31 fib 17 5018
1527 26 fib 32 5002
1528 1 featureExtractor 25 5014
1529 100 graphBfs 27 5008
1530 1 featureExtractor 21 5014
1531 35 fib 29 5021
1532 28 fib 17 5006
1533 29 fib 22 5011
1534 31 fib 28 5018
1535 29 fib 33 5011
1536 36 fib 30 5021
1537 9 graphMst 25 5009
1538 100 graphBfs 26 5008
1539 9 graphMst 32 5009
1540 35 fib 20 5021
1541 100 graphBfs 29 5008
1542 36 fib 25 5021
1543 31 fib 28 5018
1544 36 fib 25 5021
1545 35 fib 25 5021
1546 1 featureExtractor 22 5014
1547 100 graphBfs 19 5008
1548 31 fib 30 5018
1549 31 fib 27 5018
1550 10 graphMst 24 5009
1551 31 fib 30 5018
1552 31 fib 24 5018
1553 9 graphMst 28 5009
1554 1 featureExtractor 31 5014
1555 100 graphBfs 19 5008
1556 29 fib 29 5011
1557 10 graphMst 20 5009
1558 1 featureExtractor 24 5014
1559 36 fib 23 5021
1560 31 fib 24 5018
1561 31 fib 23 5018
1562 29 fib 24 5011
1563 31 fib 32 5018
1564 1 featureExtractor 27 5014
1565 35 fib 19 5021
1566 8 graphMst 28 5009
1567 100 graphBfs 31 5008
1568 36 fib 25 5021
1569 29 fib 24 5011
1570 29 fib 25 5011
1571 1 featureExtractor 25 5014
1572 24 fib 27 5002
1573 28 fib 24 5006
1574 9 graphPagerank 25 5010
1575 31 fib 31 5018
1576 31 fib 29 5018
1577 31 fib 37 5018
1578 28 fib 28 5006
1579 31 fib 25 5018
1580 31 fib 30 5018
1581 36 fib 34 5021
1582 31 fib 30 5018
1583 29 fib 25 5011
1584 28 fib 28 5006
1585 35 fib 21 5021
1586 36 fib 21 5021
1587 1 featureExtractor 29 5014
1588 36 fib 27 5021
1589 23 fib 24 5002
1590 23 fib 24 5002
1591 36 fib 24 5021
1592 1 featureExtractor 26 5014
1593 1 featureExtractor 34 5014
1594 31 fib 26 5018
1595 35 fib 17 5021
1596 100 graphBfs 33 5008
1597 31 fib 22 5018
1598 8 graphMst 28 5009
1599 9 graphMst 15 5009
1600 28 fib 25 5006
1601 31 fib 21 5018
1602 31 fib 16 5018
1603 29 fib 31 5011
1604 100 graphBfs 28 5008
1605 29 fib 24 5011
1606 31 fib 30 5018
1607 100000 floatOperation 31 5020
1608 36 fib 26 5021
1609 25 fib 24 5002
1610 35 fib 21 5021
1611 9 graphPagerank 32 5010
1612 25 fib 17 5002
1613 36 fib 22 5021
1614 24 fib 28 5002
1615 10 graphMst 22 5009
1616 31 fib 28 5018
1617 100000 floatOperation 31 5020
1618 100000 floatOperation 27 5020
1619 31 fib 31 5018
1620 31 fib 25 5018
1621 1 featureExtractor 16 5014
1622 29 fib 23 5011
1623 35 fib 42 5021
1624 29 fib 24 5011
1625 1 featureExtractor 25 5014
1626 10 graphPagerank 28 5010
1627 1 featureExtractor 24 5014
1628 31 fib 27 5018
1629 31 fib 25 5018
1630 35 fib 27 5021
1631 31 fib 26 5018
1632 28 fib 21 5006
1633 1 featureExtractor 28 5014
1634 31 fib 33 5018
1635 1 featureExtractor 29 5014
1636 29 fib 30 5011
1637 9 graphPagerank 22 5010
1638 31 fib 17 5018
1639 36 fib 30 5021
1640 31 fib 26 5018
1641 31 fib 33 5018
1642 8 graphPagerank 19 5010
1643 31 fib 29 5018
1644 31 fib 31 5018
1645 31 fib 17 5018
1646 10 graphMst 24 5009
1647 31 fib 32 5018
1648 1 featureExtractor 23 5014
1649 100000 floatOperation 30 5020
1650 9 graphMst 29 5009
1651 8 graphPagerank 25 5010
1652 35 fib 22 5021
1653 100 graphBfs 30 5008
1654 1 featureExtractor 20 5014
1655 36 fib 26 5021
1656 31 fib 31 5018
1657 100000 floatOperation 29 5020
1658 31 fib 30 5018
1659 36 fib 26 5021
1660 24 fib 26 5002
1661 31 fib 23 5018
1662 8 graphMst 24 5009
1663 28 fib 26 5006
1664 35 fib 30 5021
1665 35 fib 24 5021
1666 35 fib 29 5021
1667 26 fib 35 5002
1668 26 fib 24 5002
1669 31 fib 29 5018
1670 36 fib 20 5021
1671 9 graphPagerank 32 5010
1672 25 fib 27 5002
1673 31 fib 24 5018
1674 29 fib 26 5011
1675 9 graphMst 25 5009
1676 100 graphBfs 25 5008
1677 35 fib 28 5021
1678 31 fib 21 5018
1679 35 fib 33 5021
1680 31 fib 29 5018
1681 31 fib 26 5018
1682 29 fib 24 5011
1683 31 fib 22 5018
1684 31 fib 26 5018
1685 28 fib 20 5006
1686 100 graphBfs 29 5008
1687 35 fib 30 5021
1688 10 graphMst 34 5009
1689 1 featureExtractor 32 5014
1690 28 fib 30 5006
1691 100 graphBfs 32 5008
1692 10 graphPagerank 23 5010
1693 31 fib 14 5018
1694 10 graphPagerank 22 5010
1695 100 graphBfs 23 5008
1696 31 fib 33 5018
1697 35 fib 28 5021
1698 24 fib 31 5002
1699 100 graphBfs 27 5008
1700 100 graphBfs 32 5008
1701 29 fib 33 5011
1702 35 fib 32 5021
1703 31 fib 22 5018
1704 10 graphPagerank 17 5010
1705 36 fib 21 5021
1706 10 graphMst 30 5009
1707 1 featureExtractor 23 5014
1708 31 fib 23 5018
1709 8 graphPagerank 23 5010
1710 31 fib 27 5018
1711 1 featureExtractor 24 5014
1712 36 fib 30 5021
1713 100 graphBfs 21 5008
1714 8 graphMst 30 5009
1715 23 fib 33 5002
1716 1 featureExtractor 24 5014
1717 36 fib 21 5021
1718 8 graphPagerank 19 5010
1719 23 fib 20 5002
1720 36 fib 24 5021
1721 100000 floatOperation 29 5020
1722 8 graphMst 21 5009
1723 100 graphBfs 20 5008
1724 31 fib 24 5018
1725 8 graphPagerank 26 5010
1726 10 graphPagerank 33 5010
1727 1 featureExtractor 18 5014
1728 10 graphPagerank 19 5010
1729 31 fib 16 5018
1730 31 fib 20 5018
1731 8 graphMst 29 5009
1732 31 fib 27 5018
1733 1 featureExtractor 27 5014
1734 31 fib 20 5018
1735 10 graphMst 25 5009
1736 31 fib 21 5018
1737 29 fib 30 5011
1738 35 fib 23 5021
1739 35 fib 26 5021
1740 1 featureExtractor 32 5014
1741 26 fib 19 5002
1742 10 graphMst 19 5009
1743 9 graphPagerank 31 5010
1744 100000 floatOperation 26 5020
1745 31 fib 20 5018
1746 31 fib 26 5018
1747 24 fib 26 5002
1748 8 graphMst 25 5009
1749 100 graphBfs 23 5008
1750 100000 floatOperation 28 5020
1751 31 fib 26 5018
1752 28 fib 26 5006
1753 31 fib 34 5018
1754 100 graphBfs 28 5008
1755 100 graphBfs 21 5008
1756 23 fib 26 5002
1757 31 fib 24 5018
1758 9 graphPagerank 32 5010
1759 100 graphBfs 32 5008
1760 28 fib 26 5006
1761 29 fib 30 5011
1762 31 fib 27 5018
1763 100000 floatOperation 21 5020
1764 8 graphPagerank 34 5010
1765 10 graphPagerank 23 5010
1766 35 fib 32 5021
1767 31 fib 13 5018
1768 9 graphMst 20 5009
1769 24 fib 26 5002
1770 8 graphPagerank 18 5010
1771 31 fib 21 5018
1772 35 fib 26 5021
1773 31 fib 16 5018
1774 31 fib 27 5018
1775 100000 floatOperation 22 5020
1776 1 featureExtractor 33 5014
1777 9 graphMst 28 5009
1778 31 fib 21 5018
1779 29 fib 26 5011
1780 28 fib 29 5006
1781 24 fib 29 5002
1782 100 graphBfs 23 5008
1783 1 featureExtractor 27 5014
1784 100 graphBfs 21 5008
1785 1 featureExtractor 28 5014
1786 100 graphBfs 19 5008
1787 100 graphBfs 20 5008
1788 8 graphMst 26 5009
1789 35 fib 33 5021
1790 31 fib 23 5018
1791 23 fib 20 5002
1792 1 featureExtractor 21 5014
1793 10 graphMst 22 5009
1794 100 graphBfs 24 5008
1795 8 graphPagerank 27 5010
1796 100 graphBfs 24 5008
1797 31 fib 27 5018
1798 8 graphMst 23 5009
1799 31 fib 26 5018
1800 100 graphBfs 25 5008
1801 31 fib 30 5018
1802 31 fib 16 5018
1803 25 fib 23 5002
1804 28 fib 27 5006
1805 35 fib 25 5021
1806 35 fib 22 5021
1807 31 fib 29 5018
1808 31 fib 17 5018
1809 1 featureExtractor 34 5014
1810 100000 floatOperation 28 5020
1811 10 graphPagerank 18 5010
1812 28 fib 20 5006
1813 25 fib 20 5002
1814 31 fib 15 5018
1815 100000 floatOperation 30 5020
1816 100000 floatOperation 13 5020
1817 9 graphMst 31 5009
1818 100 graphBfs 28 5008
1819 100 graphBfs 23 5008
1820 36 fib 21 5021
1821 23 fib 33 5002
1822 1 featureExtractor 19 5014
1823 29 fib 23 5011
1824 1 featureExtractor 25 5014
1825 100000 floatOperation 19 5020
1826 1 featureExtractor 23 5014
1827 10 graphPagerank 31 5010
1828 31 fib 29 5018
1829 8 graphMst 22 5009
1830 36 fib 23 5021
1831 100000 floatOperation 21 5020
1832 100000 floatOperation 28 5020
1833 1 featureExtractor 20 5014
1834 26 fib 24 5002
1835 100 graphBfs 30 5008
1836 31 fib 27 5018
1837 35 fib 25 5021
1838 100 graphBfs 24 5008
1839 25 fib 26 5002
1840 1 featureExtractor 17 5014
1841 25 fib 28 5002
1842 31 fib 23 5018
1843 28 fib 22 5006
1844 28 fib 32 5006
1845 1 featureExtractor 23 5014
1846 10 graphMst 24 5009
1847 28 fib 19 5006
1848 36 fib 26 5021
1849 31 fib 28 5018
1850 100 graphBfs 24 5008
1851 36 fib 20 5021
1852 35 fib 32 5021
1853 9 graphPagerank 21 5010
1854 1 featureExtractor 30 5014
1855 9 graphMst 28 5009
1856 35 fib 25 5021
1857 100 graphBfs 22 5008
1858 31 fib 24 5018
1859 1 featureExtractor 28 5014
1860 29 fib 20 5011
1861 36 fib 30 5021
1862 23 fib 21 5002
1863 100000 floatOperation 32 5020
1864 35 fib 28 5021
1865 36 fib 28 5021
1866 100 graphBfs 20 5008
1867 36 fib 32 5021
1868 31 fib 26 5018
1869 9 graphPagerank 27 5010
1870 31 fib 31 5018
1871 9 graphMst 27 5009
1872 31 fib 32 5018
1873 9 graphMst 22 5009
1874 8 graphPagerank 20 5010
1875 24 fib 17 5002
1876 35 fib 24 5021
1877 31 fib 24 5018
1878 31 fib 23 5018
1879 10 graphPagerank 27 5010
1880 29 fib 22 5011
1881 9 graphPagerank 28 5010
1882 31 fib 16 5018
1883 10 graphPagerank 25 5010
1884 31 fib 29 5018
1885 36 fib 24 5021
1886 8 graphPagerank 26 5010
1887 31 fib 31 5018
1888 36 fib 29 5021
1889 29 fib 33 5011
1890 31 fib 30 5018
1891 8 graphPagerank 33 5010
1892 26 fib 29 5002
1893 31 fib 24 5018
1894 29 fib 19 5011
1895 26 fib 26 5002
1896 10 graphMst 26 5009
1897 29 fib 24 5011
1898 29 fib 30 5011
1899 100000 floatOperation 16 5020
1900 36 fib 23 5021
1901 36 fib 32 5021
1902 28 fib 23 5006
1903 29 fib 24 5011
1904 26 fib 20 5002
1905 100 graphBfs 26 5008
1906 9 graphPagerank 27 5010
1907 26 fib 22 5002
1908 100 graphBfs 28 5008
1909 100 graphBfs 33 5008
1910 10 graphMst 35 5009
1911 25 fib 21 5002
1912 36 fib 22 5021
1913 31 fib 26 5018
1914 31 fib 24 5018
1915 100 graphBfs 28 5008
1916 26 fib 29 5002
1917 10 graphPagerank 19 5010
1918 31 fib 22 5018
1919 29 fib 32 5011
1920 31 fib 25 5018
1921 10 graphPagerank 29 5010
1922 31 fib 30 5018
1923 24 fib 30 5002
1924 10 graphPagerank 21 5010
1925 1 featureExtractor 34 5014
1926 31 fib 21 5018
1927 31 fib 21 5018
1928 1 featureExtractor 31 5014
1929 26 fib 22 5002
1930 100 graphBfs 24 5008
1931 8 graphMst 31 5009
1932 1 featureExtractor 30 5014
1933 1 featureExtractor 29 5014
1934 8 graphMst 22 5009
1935 31 fib 19 5018
1936 31 fib 23 5018
1937 31 fib 20 5018
1938 31 fib 16 5018
1939 31 fib 36 5018
1940 35 fib 32 5021
1941 31 fib 23 5018
1942 1 featureExtractor 15 5014
1943 25 fib 31 5002
1944 36 fib 35 5021
1945 29 fib 30 5011
1946 10 graphMst 18 5009
1947 1 featureExtractor 22 5014
1948 100000 floatOperation 28 5020
1949 31 fib 27 5018
1950 8 graphPagerank 22 5010
1951 9 graphMst 26 5009
1952 23 fib 20 5002
1953 28 fib 17 5006
1954 23 fib 18 5002
1955 36 fib 34 5021
1956 31 fib 25 5018
1957 8 graphMst 25 5009
1958 36 fib 14 5021
1959 26 fib 28 5002
1960 31 fib 21 5018
1961 100000 floatOperation 26 5020
1962 100 graphBfs 23 5008
1963 31 fib 22 5018
1964 26 fib 17 5002
1965 31 fib 19 5018
1966 31 fib 18 5018
1967 26 fib 33 5002
1968 100 graphBfs 16 5008
1969 35 fib 25 5021
1970 100000 floatOperation 30 5020
1971 100 graphBfs 21 5008
1972 10 graphMst 16 5009
1973 31 fib 28 5018
1974 31 fib 44 5018
1975 31 fib 28 5018
1976 36 fib 33 5021
1977 31 fib 26 5018
1978 31 fib 31 5018
1979 36 fib 22 5021
1980 36 fib 24 5021
1981 100 graphBfs 29 5008
1982 35 fib 20 5021
1983 31 fib 33 5018
1984 10 graphPagerank 20 5010
1985 31 fib 28 5018
1986 36 fib 30 5021
1987 31 fib 20 5018
1988 31 fib 26 5018
1989 100 graphBfs 17 5008
1990 31 fib 17 5018
1991 35 fib 21 5021
1992 25 fib 27 5002
1993 31 fib 20 5018
1994 8 graphMst 29 5009
1995 36 fib 26 5021
1996 29 fib 32 5011
1997 31 fib 29 5018
1998 31 fib 26 5018
1999 8 graphMst 23 5009
2000 31 fib 28 5018
